4.972592 ,12.223947 ,1000.978467
18.848674 ,10.443107 ,989.697678
0.722271 ,12.970800 ,988.952219
21.646032 ,11.252297 ,997.380124
16.757715 ,11.902886 ,996.473839
14.953306 ,22.201844 ,997.841139
8.162093 ,9.823727 ,987.434288
19.504548 ,3.548715 ,993.141388
26.662282 ,8.195736 ,994.445085
11.237539 ,16.964357 ,996.013629
10.480190 ,20.281037 ,1008.066058
3.819116 ,4.998307 ,994.789118
8.909427 ,14.624666 ,993.171169
-37.968755 ,-6.528745 ,1007.553542
-46.680597 ,64.708634 ,947.037041
-22.436160 ,-10.214040 ,986.608766
-2.483444 ,-117.680639 ,1021.744681
-33.191038 ,-546.387718 ,820.811381
38.523532 ,-758.492290 ,665.516940
40.878901 ,-809.264859 ,609.492049
38.990841 ,-818.280212 ,589.805635
30.978863 ,-808.055758 ,616.860171
27.651958 ,-811.381724 ,617.905947
12.065290 ,-744.098183 ,675.872563
-6.115665 ,-121.095698 ,938.743832
-25.396677 ,16.991544 ,962.698187
1.763244 ,174.905382 ,1007.069850
-25.499111 ,820.933039 ,636.057643
-1.738903 ,836.321264 ,541.379268
-1.252430 ,817.673387 ,548.328139
-3.533948 ,819.491270 ,568.145699
-0.717278 ,804.185210 ,575.511367
-0.526360 ,799.324805 ,572.660662
0.978324 ,800.809064 ,566.345114
6.898147 ,798.167447 ,567.740987
-2.939385 ,802.925184 ,562.512135
125.539517 ,257.728104 ,797.297905
56.145005 ,34.405172 ,1062.366765
3.467578 ,-49.397153 ,966.372699
13.946487 ,69.682709 ,1318.113190
-706.052663 ,-49.473389 ,710.835369
-705.535403 ,-19.209031 ,710.998621
-774.609525 ,-14.560686 ,612.864535
-790.060367 ,-4.310682 ,612.968958
-799.294994 ,-12.110524 ,592.403888
-825.980493 ,-8.132738 ,571.954682
-803.475664 ,2.316531 ,579.752260
-816.381788 ,-4.563818 ,575.651568
-824.933672 ,-12.113482 ,575.846015
-812.338881 ,-20.214756 ,565.614098
-669.491991 ,-4.909518 ,683.792078
-132.900471 ,-34.945014 ,1019.283788
157.822527 ,-27.458805 ,836.034796
743.061989 ,-48.612282 ,736.988342
755.821813 ,-127.594582 ,591.748016
780.458126 ,-138.085989 ,634.029943
779.865581 ,-110.271068 ,684.954472
785.826990 ,-91.369381 ,634.440178
761.055651 ,-79.857626 ,635.141507
777.246974 ,-80.809234 ,631.066465
747.864158 ,-73.822948 ,657.962354
745.534081 ,-78.665533 ,660.942456
749.426288 ,-86.804106 ,680.295804
737.434693 ,-76.631390 ,677.455596
722.229584 ,-61.574944 ,684.269783
322.287849 ,-27.982560 ,908.674801
1.458596 ,-16.496936 ,1002.289230
43.688857 ,-32.637604 ,878.218829
110.515078 ,-50.312836 ,920.966729
107.507106 ,-143.452222 ,1102.633068
-72.637858 ,-519.888258 ,506.122203
16.496538 ,-992.205851 ,100.641568
40.370336 ,-1017.117285 ,-17.291616
34.287182 ,-1011.475296 ,21.860411
49.333781 ,-1002.515783 ,7.554358
44.284405 ,-1009.610172 ,0.450580
54.117288 ,-1010.369094 ,-3.056834
42.684023 ,-1005.662694 ,1.397684
-1.386839 ,-1042.870476 ,-45.440333
-852.642163 ,-510.226007 ,136.959596
-968.025060 ,51.582669 ,189.725100
-975.006833 ,39.562655 ,192.359648
-970.447675 ,39.667043 ,215.483177
-978.745724 ,43.933863 ,205.890938
-970.702586 ,41.357465 ,194.697780
-970.337738 ,45.752496 ,193.681282
-968.093224 ,46.408431 ,170.940326
-1031.191568 ,181.237232 ,123.549581
-415.436910 ,895.508760 ,40.157301
-88.946455 ,1058.735335 ,-9.932491
-45.604304 ,1019.392389 ,-20.260144
-31.066332 ,1007.840458 ,13.475219
-13.603120 ,994.830418 ,-55.705052
-19.846923 ,1005.855682 ,-17.089525
-23.703493 ,1010.398322 ,-66.355655
-7.977537 ,998.352447 ,-82.386104
-23.448993 ,1004.464261 ,-106.874479
-14.008545 ,992.285728 ,-91.419361
-27.825163 ,1008.619214 ,-117.485067
140.757829 ,979.577032 ,288.219019
814.665424 ,534.833821 ,310.208545
968.762695 ,208.008248 ,-3.464191
760.684736 ,7.608855 ,-68.603485
936.610820 ,-35.965865 ,-163.778011
1006.911059 ,-21.689094 ,-197.730420
1006.005573 ,-6.976376 ,-200.768473
983.685219 ,-4.660342 ,-215.463265
982.953677 ,-17.454065 ,-204.210808
995.549038 ,40.464581 ,-222.370841
1003.963279 ,45.289594 ,-241.857487
997.361908 ,32.673362 ,-230.043896
979.133844 ,52.255433 ,-226.616714
966.410282 ,73.268050 ,-236.321761
994.084798 ,84.277239 ,-250.820915
964.987402 ,95.979054 ,-255.376267
982.282395 ,84.085121 ,-243.895469
980.327764 ,104.777990 ,-255.192988
977.003514 ,168.474070 ,-264.500991
813.926131 ,480.342320 ,-222.028764
165.625232 ,926.722382 ,-477.216696
-530.987624 ,837.195201 ,-297.255147
-857.939733 ,295.879056 ,-100.750320
-998.819196 ,-29.840753 ,-12.380685
-1042.211524 ,-114.310430 ,-72.265081
-1200.691623 ,-66.628373 ,-48.379711
-984.766223 ,22.523034 ,-17.460650
-986.184148 ,19.102366 ,-13.058494
-990.978919 ,32.450413 ,-14.097272
-956.062301 ,22.877875 ,236.715291
-847.388522 ,20.619615 ,501.905912
-854.612230 ,38.176979 ,525.975601
-850.321743 ,31.336144 ,513.428435
-995.893627 ,2.184136 ,92.554687
-1007.175010 ,65.555446 ,-189.085081
-798.845120 ,52.388990 ,-580.162077
-635.501329 ,68.574796 ,-747.758199
-581.506507 ,47.836207 ,-794.169270
-565.960444 ,38.157535 ,-802.492841
-562.136707 ,46.977581 ,-816.644664
-560.074770 ,47.617814 ,-790.594341
-577.776196 ,42.458026 ,-804.791701
-582.273087 ,40.019194 ,-791.662771
-570.732554 ,2.253464 ,-764.378479
-133.032066 ,-882.331340 ,-525.464590
41.930977 ,-776.195584 ,-641.978448
51.536388 ,-693.214982 ,-712.526796
57.871651 ,-701.429529 ,-693.205922
52.553484 ,-722.852988 ,-683.734064
56.898614 ,-736.156764 ,-685.587956
29.554199 ,-723.165189 ,-678.587165
85.603961 ,-837.304248 ,-626.966772
-0.381931 ,-399.965606 ,-903.242255
-83.141339 ,354.193940 ,-1033.088506
7.159379 ,709.873179 ,-705.651210
-2.695805 ,746.497303 ,-675.463013
5.937366 ,729.852867 ,-697.629102
-3.145193 ,715.662776 ,-714.748814
-11.513319 ,720.998404 ,-686.189739
-1.157504 ,724.252179 ,-701.339079
-3.999795 ,735.036553 ,-696.581275
-13.315883 ,735.301024 ,-694.041899
-5.017422 ,744.162459 ,-678.788668
6.517642 ,510.576355 ,-561.564482
-78.256311 ,74.954641 ,-967.472013
3.408020 ,64.841743 ,-991.665968
-2.147314 ,76.380693 ,-1004.269034
-2.654999 ,89.509603 ,-997.151964
6.202748 ,89.783198 ,-1003.072051
-9.953006 ,97.385581 ,-981.193161
-9.034598 ,101.813878 ,-987.048097
-11.332387 ,117.627614 ,-997.807466
-8.476813 ,121.481953 ,-1001.267564
-12.331657 ,122.644407 ,-1007.506822
-20.615827 ,134.046103 ,-998.816865
-25.617413 ,124.986230 ,-1004.934870
-28.611055 ,133.156249 ,-983.241037
-21.729855 ,120.846472 ,-994.317788
-20.502131 ,120.122942 ,-975.487850
-33.614794 ,142.225571 ,-994.859979
-24.799830 ,135.963534 ,-982.838879
-23.743180 ,144.497260 ,-1008.060354
-19.395076 ,139.320796 ,-993.091326
-28.036044 ,135.706948 ,-995.351619
-32.895458 ,126.873677 ,-976.838057
-176.417792 ,303.481104 ,-949.175066
-426.062269 ,379.395362 ,-783.771106
-459.602664 ,198.783351 ,-880.474411
-550.649917 ,167.887385 ,805.982907
-62.365762 ,-10.367064 ,980.391174
-22.797063 ,-46.365161 ,988.436444
6.867812 ,3.493600 ,989.449550
15.775791 ,-1.698465 ,992.280266
28.276080 ,-19.375674 ,1010.648887
26.549490 ,-7.517795 ,1002.820957
